The Real Ghostbusters-auténtico-Nintendo Game Boy-Solo Manual!;82,67 EUR;Envío gratis;Vendidos  13 ago 2021Artículo vendido;desde Estados Unidos;
The Real Ghostbusters ecto 1 light and Sound Jocsa argentina;325,00 EUR;+ 35,00 EUR de envío;Vendidos  18 sep 2021Artículo vendido;desde Argentina;
The Real Ghostbusters deluxe action figure con diorama-parte: Stay Puft;36,20 EUR;+ 38,90 EUR de envío;Vendidos  10 sep 2021Artículo vendido;desde Alemania;
Kenner-The Real Ghostbusters-complete set slimed Heroes-moc/New!;599,00 EUR;+ 71,99 EUR de envío;Vendidos  18 sep 2021Artículo vendido;desde Alemania;
The Real Ghostbusters Egon Spengler Kenner 1986/Ray Stantz Vs Bug Eye & Goopers;31,92 EUR;+ 43,13 EUR de envío estimado;Vendidos  23 jun 2021Artículo vendido;desde Reino Unido;
The Real Ghostbusters deluxe action figure con diorama-parte: Slimer;71,00 EUR;+ 38,90 EUR de envío;Vendidos  30 ago 2021Artículo vendido;desde Alemania;
The Real Ghostbusters deluxe action figure con diorama-parte: Stay Puft;44,90 EUR;+ 38,90 EUR de envío;Vendidos  30 ago 2021Artículo vendido;desde Alemania;
Vintage, The Real Ghostbusters Ecto - 1,100% completo,, 1984 Caja, alemán, Kenner;92,53 EUR;+ 42,12 EUR de envío estimado;Vendidos  26 jul 2021Artículo vendido;desde Reino Unido;
The Real Ghostbusters retro-Action figura Slimer de Hasbro;40,62 EUR;+ 38,90 EUR de envío;Vendidos  22 ago 2021Artículo vendido;desde Alemania;
The Real Ghostbusters deluxe action figure con diorama-parte: Slimer;36,50 EUR;+ 38,90 EUR de envío;Vendidos  20 ago 2021Artículo vendido;desde Alemania;
The Real Ghostbusters deluxe action figure con diorama-parte: Stay Puft;59,00 EUR;+ 38,90 EUR de envío;Vendidos  20 ago 2021Artículo vendido;desde Alemania;
The Real Ghostbusters retro-Action personaje Peter Venkman de Hasbro;22,50 EUR;+ 38,90 EUR de envío;Vendidos  24 ago 2021Artículo vendido;desde Alemania;
The Real Ghostbusters Ray Stantz Kenner 1988/Peter Venkman vs Granny Gross Ghost;11,70 EUR;+ 42,76 EUR de envío estimado;Vendidos  21 jul 2021Artículo vendido;desde Reino Unido;
