F1 World Grand Prix II 2 (Game Boy Color);170,92 EUR;Envío gratis;desde Estados Unidos;
F1 World Grand Prix II 2 Formula 1 Juego Boy Color GBC GBA GameBoy solo Carro Juego;14,01 EUR;Envío gratis;desde Estados Unidos;
F1 World Grand Prix II (Game Boy Color) - probado, auténtico;13,67 EUR;Envío gratis;desde Estados Unidos;
F1 World Grand Prix II (Nintendo Game Boy Color, 2000) probado-todavía Ahorra!!!;8,50 EUR;Envío gratis;desde Estados Unidos;
F1 World Grand Prix II 2 (Nintendo Game Boy Color) - Cartucho De Juego & FOLLETO;29,91 EUR;+ 4,19 EUR de envío;desde Estados Unidos;
F1 World Grand Prix II Solo Manual Nintendo Game Boy Color ~ Folleto de instrucciones;37,61 EUR;desde Estados Unidos;
F1 World Grand Prix II (Game Boy Color) - probado, auténtico;15,38 EUR;Envío gratis;desde Estados Unidos;
F1 World Grand Prix II GBC (Nintendo Game Boy Color, 2000) Raro Y Completo Completo En Caja;64,10 EUR;Envío gratis;desde Estados Unidos;
F1 World Grand Prix II 2-Nintendo Game Boy Color Video Juego-solo carro;21,32 EUR;+ 2,52 EUR de envío;desde Estados Unidos;
F1 World Grand Prix II (Nintendo Game Boy Color, 2000);16,91 EUR;+ 9,85 EUR de envío;desde Canadá;
F1 World Grand Prix II (Nintendo Game Boy Color, 2000) Japón importación Vendedor de Estados Unidos;8,50 EUR;Envío gratis;desde Estados Unidos;
Nintendo Gameboy Color Juego F1 World Grand Prix II 2 Cartucho en Caja Completo En Caja;68,37 EUR;Envío gratis;desde Estados Unidos;
Súper Rara Japonesa versión F1 World Grand Prix II para Game Boy Color;133,69 EUR;Envío internacional gratis;desde Japón;
Gameboy Color Nintendo F1 World Grand Prix II artículo ref/CCC GB De Juego En Caja;12,82 EUR;+ 14,53 EUR de envío;desde Japón;
Sin Abrir GBC F1 World Grand Prix II GameBoy Color Konami Racing Sistema de video 200;85,44 EUR;Envío internacional gratis;desde Japón;
Raro Nuevo Sin Abrir Versión Japonesa F1 World Grand Prix II para Game Boy Color;190,59 EUR;Envío internacional gratis;desde Japón;
Nintendo GameBoy Color Juego F1 World Grand Prix II 2 Cartucho;10,53 EUR;Envío internacional gratis;desde Alemania;
Nintendo Gameboy Color & GBA Game: F1 World Grand Prix II (EUR);4,95 EUR;+ 5,00 EUR de envío;desde Países Bajos;
F1 World Grand Prix II Solo Manual Nintendo Game Boy Colour GBC inv-6541;4,19 EUR;+ 14,73 EUR de envío;desde España;
F1 World Grand Prix II (2) SEGA DREAMCAST PAL JUEGO Completo con Manual Gratis P&P;21,07 EUR;+ 16,82 EUR de envío estimado;desde Reino Unido;
F1 World Grand Prix II 2 Sega Dreamcast Juego PAL Reino Unido completa;14,64 EUR;+ 20,80 EUR de envío estimado;desde Reino Unido;
F1 World Grand Prix II | Sega Dreamcast | Completo | PAL;23,41 EUR;+ 16,87 EUR de envío estimado;desde Reino Unido;
F1 World Grand Prix II Nintendo Game Boy colorgame;5,84 EUR;+ 21,08 EUR de envío;desde Reino Unido;
F1 World Grand Prix II | Dreamcast | Sega | usado con embalaje original;19,99 EUR;+ 15,00 EUR de envío;desde Alemania;
